1.61343
1.45588
1.1327
1.71735
2.13631
1.62746
1.74302
2.10435
2.01946
1.33814
1.93828
1.79268
2.31633
2.01551
1.9074
2.1305
2.79899
2.1182
1.88056
1.90755
2.34793
1.92509
2.12973
1.91433
2.18226
2.13358
1.57751
3.05349
1.38733
0.674883
0.451972
0.345366
0.369258
0.408503
0.399917
0.555171
0.400912
0.378701
0.46182
0.386953
0.348232
0.600282
0.442975
0.442828
0.46916
0.498198
0.557566
0.540242
0.440221
0.484155
0.436117
0.460573
0.594571
0.576019
0.42122
0.480179
1.35732
0.731157
0.449127
0.328427
0.215778
0.325753
0.314614
0.293176
0.300252
0.299172
0.321163
0.276067
0.274211
0.356095
0.292146
0.306637
0.301245
0.468204
0.332748
0.298267
0.289445
0.340907
0.329112
0.298689
0.353063
0.275969
0.30041
0.431552
1.36887
0.731041
0.351755
0.207758
0.205346
0.285294
0.189
0.230468
0.270452
0.250921
0.333008
0.326998
0.356818
0.239244
0.266257
0.25487
0.277216
0.276581
0.298532
0.261536
0.266449
0.282432
0.237903
0.264202
0.174275
0.306556
0.337759
0.258492
1.35593
0.719015
0.352995
0.254443
0.230372
0.186437
0.198537
0.257473
0.265134
0.195384
0.286695
0.256235
0.213882
0.197686
0.185081
0.254381
0.255062
0.222307
0.236418
0.227235
0.235706
0.211556
0.276771
0.215575
0.191559
0.252176
0.301107
0.20383
